0,22694472019934003
0,22694472019934003
0,2258839419363048
0,2258839419363048
0,22537800731540375
0,22537800731540375
0,22527687277846198
0,22527687277846198
0,22526858334686972
0,22526858334686972
0,22525993574074493
0,22525993574074493
0,22524612674036765
0,22524612674036765
0,22522976058331629
0,22522976058331629
0,22520933887653874
0,22520933887653874
0,22518216558620127
0,22518216558620127
0,2251452888772926
0,2251452888772926
0,22509503985998794
0,22509503985998794
0,22502648076772788
0,22502648076772788
0,2249328843098804
0,2249328843098804
0,2248050886604136
0,2248050886604136
0,22463062507690137
0,22463062507690137
0,2243925414177808
0,2243925414177808
0,2240678298786269
0,2240678298786269
0,22362534414270457
0,22362534414270457
0,2230230733704547
0,2230230733704547
0,2222046376659888
0,2222046376659888
0,22109490141470528
0,22109490141470528
0,2195947046114966
0,2195947046114966
0,2175749521476505
0,2175749521476505
0,21487077675586086
0,21487077675586086
0,21127733635101537
0,21127733635101537
0,20655014686654538
0,20655014686654538
0,20041466749982145
0,20041466749982145
0,19259165850589482
0,19259165850589482
0,1828451245976123
0,1828451245976123
0,17105547020254613
0,17105547020254613
0,15730816798582078
0,15730816798582078
0,1419675573331494
0,1419675573331494
0,1256872120894414
0,1256872120894414
0,10931683280053961
0,10931683280053961
0,09371749284423359
0,09371749284423359
0,07956417644511818
0,07956417644511818
0,06723116517857033
0,06723116517857033
0,056797515648525664
0,056797515648525664
0,048134520274551715
0,048134520274551715
0,04101020875825797
0,04101020875825797
0,0351682683304313
0,0351682683304313
0,03037155755676667
0,03037155755676667
0,026418754201823526
0,026418754201823526
0,02314609204333308
0,02314609204333308
0,020422872896970222
0,020422872896970222
0,018145427172995866
0,018145427172995866
0,01623148537942167
0,01623148537942167
0,014615533387206961
0,014615533387206961
0,013245156051952178
0,013245156051952178
0,012078203869113421
0,012078203869113421
0,011080603084659694
0,011080603084659694
0,010224660072277375
0,010224660072277375
0,00948774501206451
0,00948774501206451
0,008851267407150493
0,008851267407150493
0,008299876456872076
0,008299876456872076
0,007820834646829065
0,007820834646829065
0,007403524713763848
0,007403524713763848
0,007039059372489759
0,007039059372489759
0,006719970420360955
0,006719970420360955
0,00643995943988591
0,00643995943988591
0,0061936966060725275
0,0061936966060725275
0,005976657340316079
0,005976657340316079
0,005784988972978527
0,005784988972978527
0,005615401380761208
0,005615401380761208
0,005465076911571517
0,005465076911571517
0,005331595920893541
0,005331595920893541
0,005212875010327901
0,005212875010327901
0,005107115646728769
0,005107115646728769
0,005012761296306755
0,005012761296306755
0,004928461565721834
0,004928461565721834
0,0048530421255307795
0,0048530421255307795
0,004785479417680116
0,004785479417680116
0,004724879330718265
0,004724879330718265
0,004670459173479547
0,004670459173479547
0,004621532397328649
0,004621532397328649
0,00457749561416962
0,00457749561416962
0,004537817536641318
0,004537817536641318
0,004502029531663058
0,004502029531663058
0,0044697175314945435
0,0044697175314945435
0,004440515089930477
0,004440515089930477
0,00441409740693705
0,00441409740693705
0,004390176174392276
0,004390176174392276
0,004368495119779655
0,004368495119779655
0,0043488261446522885
0,0043488261446522885
0,004330965971200715
0,004330965971200715
0,0043147332239480115
0,0043147332239480115
0,00429996588496895
0,00429996588496895
0,004286519070499811
0,004286519070499811
0,00427426308470946
0,00427426308470946
0,0042630817130153795
0,0042630817130153795
0,004252870722874927
0,004252870722874927
0,004243536544645821
0,004243536544645821
0,00423499510904088
0,00423499510904088
0,004227170821023729
0,004227170821023729
0,004219995652805774
0,004219995652805774
0,004213408340993644
0,004213408340993644
0,004207353674969435
0,004207353674969435
0,004201781865320371
0,004201781865320371
0,004196647982617245
0,004196647982617245
0,004191911458111236
0,004191911458111236
0,004187535639009641
0,004187535639009641
0,004183487391929274
0,004183487391929274
0,004179736748935525
0,004179736748935525
0,004176256591273663
0,004176256591273663
0,004173022366503915
0,004173022366503915
0,004170011835275849
0,004170011835275849
0,004167204844433128
0,004167204844433128
0,00416458312353563
0,00416458312353563
0,0041621301022310995
0,0041621301022310995
0,004159830746209783
0,004159830746209783
0,004157671409738756
0,004157671409738756
0,004155639703003132
0,004155639703003132
0,004153724372683545
0,004153724372683545
0,004151915194376596
0,004151915194376596
0,004150202875621062
0,004150202875621062
0,004148578968429869
0,004148578968429869
0,00414703579034903
0,00414703579034903
0,0041455663531713635
0,0041455663531713635
0,004144164298527482
0,004144164298527482
0,004142823839659785
0,004142823839659785
0,004141539708759395
0,004141539708759395
0,004140307109311408
0,004140307109311408
0,004139121672952132
0,004139121672952132
0,004137979420393738
0,004137979420393738
0,00413687672601771
0,00413687672601771
0,0041358102857795235
0,0041358102857795235
0,004134777088103481
0,004134777088103481
0,004133774387479184
0,004133774387479184
0,004132799680500288
0,004132799680500288
0,0041318506841121275
0,0041318506841121275
0,004130925315858064
0,004130925315858064
0,004130021675935252
0,004130021675935252
0,004129138030889147
0,004129138030889147
0,004128272798792836
0,004128272798792836
0,004127424535772208
0,004127424535772208
0,00412659192375157
0,00412659192375157
0,004125773759306296
0,004125773759306296
0,004124968943520079
0,004124968943520079
0,0041241764727541
0,0041241764727541
0,004123395430244283
0,004123395430244283
0,004122624978450733
0,004122624978450733
0,004121864352090599
0,004121864352090599
0,004121112851792101
0,004121112851792101
0,004120369838313309
0,004120369838313309
0,004119634727274411
0,004119634727274411
0,004118906984357166
0,004118906984357166
0,004118186120929276
0,004118186120929276
0,004117471690055599
0,004117471690055599
0,004116763282861362
0,004116763282861362
0,004116060525215917
0,004116060525215917
0,004115363074708335
0,004115363074708335
0,004114670617888883
0,004114670617888883
0,004113982867752625
0,004113982867752625
0,004113299561443687
0,004113299561443687
0,004112620458160602
0,004112620458160602
0,004111945337244893
0,004111945337244893
0,0041112739964367425
0,0041112739964367425
0,004110606250282948
0,004110606250282948
0,004109941928683783
0,004109941928683783
0,004109280875566472
0,004109280875566472
0,00410862294767423
0,00410862294767423
0,004107968013460643
0,004107968013460643
0,004107315952080195
0,004107315952080195
0,004106666652466502
0,004106666652466502
0,004106020012490587
0,004106020012490587
0,0041053759381921694
0,0041053759381921694
0,004104734343077678
0,004104734343077678
0,004104095147479007
0,004104095147479007
0,00410345827796792
0,00410345827796792
0,0041028236668210795
0,0041028236668210795
0,004102191251531412
0,004102191251531412
0,004101560974361713
0,004101560974361713
0,004100932781936855
0,004100932781936855
0,004100306624871243
0,004100306624871243
0,004099682457428435
0,004099682457428435
0,004099060237210179
0,004099060237210179
0,004098439924872277
0,004098439924872277
0,004097821483864965
0,004097821483864965
0,00409720488019571
0,00409720488019571
0,004096590082212434
0,004096590082212434
0,004095977060405459
0,004095977060405459
0,004095365787226504
0,004095365787226504
0,004094756236923272
0,004094756236923272
0,004094148385388304
0,004094148385388304
0,004093542210020844
0,004093542210020844
0,0040929376896005915
0,0040929376896005915
0,00409233480417232
0,00409233480417232
0,00409173353494045
0,00409173353494045
0,004091133864172652
0,004091133864172652
0,00409053577511177
0,00409053577511177
0,004089939251895315
0,004089939251895315
0,004089344279481873
0,004089344279481873
0,004088750843583837
0,004088750843583837
0,004088158930605931
0,004088158930605931
0,004087568527589002
0,004087568527589002
0,0040869796221586355
0,0040869796221586355
0,004086392202478197
0,004086392202478197
0,004085806257205897
0,004085806257205897
0,004085221775455521
0,004085221775455521
0,004084638746760558
0,004084638746760558
0,004084057161041373
0,004084057161041373
0,00408347700857521
0,00408347700857521
0,004082898279968754
0,004082898279968754
0,004082320966133033
0,004082320966133033
0,004081745058260493
0,004081745058260493
0,004081170547803996
0,004081170547803996
0,004080597426457629
0,004080597426457629
0,004080025686139148
0,004080025686139148
0,00407945531897392
0,00407945531897392
0,004078886317280212
0,004078886317280212
0,004078318673555762
0,004078318673555762
0,00407775238046546
0,00407775238046546
0,004077187430830084
0,004077187430830084
0,004076623817615991
0,004076623817615991
0,004076061533925675
0,004076061533925675
0,004075500572989126
0,004075500572989126
0,0040749409281558985
0,0040749409281558985
0,004074382592887866
0,004074382592887866
0,004073825560752567
0,004073825560752567
0,004073269825417118
0,004073269825417118
0,004072715380642614
0,004072715380642614
0,004072162220279015
0,004072162220279015
0,004071610338260434
0,004071610338260434
0,004071059728600825
0,004071059728600825
0,004070510385390022
0,004070510385390022
0,004069962302790088
0,004069962302790088
0,0040694154750319875
0,0040694154750319875
0,004068869896412488
0,004068869896412488
0,004068325561291345
0,004068325561291345
0,0040677824640886874
0,0040677824640886874
0,0040672405992826155
0,0040672405992826155
0,004066699961406992
0,004066699961406992
0,004066160545049403
0,004066160545049403
0,0040656223448492625
0,0040656223448492625
0,004065085355496072
0,004065085355496072
0,0040645495717278185
0,0040645495717278185
0,004064014988329471
0,004064014988329471
0,004063481600131601
0,004063481600131601
0,004062949402009106
0,004062949402009106
0,004062418388880005
0,004062418388880005
0,004061888555704341
0,004061888555704341
0,004061359897483139
0,004061359897483139
0,004060832409257457
0,004060832409257457
0,004060306086107474
0,004060306086107474
0,0040597809231516565
0,0040597809231516565
0,004059256915545967
0,004059256915545967
0,004058734058483127
0,004058734058483127
0,004058212347191932
0,004058212347191932
0,0040576917769365815
0,0040576917769365815
0,004057172343016071
0,004057172343016071
0,004056654040763625
0,004056654040763625
0,004056136865546133
0,004056136865546133
0,004055620812763614
0,004055620812763614
0,004055105877848754
0,004055105877848754
0,004054592056266414
0,004054592056266414
0,004054079343513191
0,004054079343513191
0,004053567735116982
0,004053567735116982
0,00405305722663658
0,00405305722663658
0,004052547813661286
0,004052547813661286
0,004052039491810517
0,004052039491810517
0,004051532256733468
0,004051532256733468
0,004051026104108743
0,004051026104108743
0,0040505210296440325
0,0040505210296440325
0,0040500170290757795
0,0040500170290757795
0,0040495140981688695
0,0040495140981688695
0,004049012232716336
0,004049012232716336
0,004048511428539043
0,004048511428539043
0,00404801168148542
0,00404801168148542
0,00404751298743117
0,00404751298743117
0,004047015342279005
0,004047015342279005
0,004046518741958374
0,004046518741958374
0,004046023182425215
0,004046023182425215
0,004045528659661681
0,004045528659661681
0,004045035169675926
0,004045035169675926
0,004044542708501819
0,004044542708501819
0,004044051272198748
0,004044051272198748
0,0040435608568513606
0,0040435608568513606
0,004043071458569341
0,004043071458569341
0,004042583073487189
0,004042583073487189
0,004042095697764
0,004042095697764
0,004041609327583231
0,004041609327583231
0,004041123959152512
0,004041123959152512
0,00404063958870341
0,00404063958870341
0,004040156212491241
0,004040156212491241
0,004039673826794847
0,004039673826794847
0,004039192427916408
0,004039192427916408
0,004038712012181233
0,004038712012181233
0,0040382325759375694
0,0040382325759375694
0,0040377541155564006
0,0040377541155564006
0,004037276627431261
0,004037276627431261
0,004036800107978041
0,004036800107978041
0,004036324553634794
0,004036324553634794
0,004035849960861574
0,004035849960861574
0,004035376326140221
0,004035376326140221
0,0040349036459741885
0,0040349036459741885
0,004034431916888388
0,004034431916888388
0,004033961135428975
0,004033961135428975
0,004033491298163197
0,004033491298163197
0,00403302240167921
0,00403302240167921
0,004032554442585904
0,004032554442585904
0,004032087417512745
0,004032087417512745
0,004031621323109592
0,004031621323109592
0,004031156156046536
0,004031156156046536
0,004030691913013732
0,004030691913013732
0,004030228590721241
0,004030228590721241
0,0040297661858988585
0,0040297661858988585
0,004029304695295962
0,004029304695295962
0,004028844115681343
0,004028844115681343
0,004028384443843056
0,004028384443843056
0,004027925676588265
0,004027925676588265
0,004027467810743079
0,004027467810743079
0,004027010843152399
0,004027010843152399
0,004026554770679784
0,004026554770679784
0,004026099590207273
0,004026099590207273
0,0040256452986352585
0,0040256452986352585
0,004025191892882322
0,004025191892882322
0,004024739369885103
0,004024739369885103
0,004024287726598145
0,004024287726598145
0,004023836959993749
0,004023836959993749
0,004023387067061843
0,004023387067061843
0,004022938044809821
0,004022938044809821
0,004022489890262432
0,004022489890262432
0,004022042600461605
0,004022042600461605
0,004021596172466352
0,004021596172466352
0,004021150603352596
0,004021150603352596
0,004020705890213059
0,004020705890213059
0,004020262030157125
0,004020262030157125
0,0040198190203106915
0,0040198190203106915
0,0040193768578160646
0,0040193768578160646
0,004018935539831807
0,004018935539831807
0,004018495063532622
0,004018495063532622
0,004018055426109222
0,004018055426109222
0,004017616624768192
0,004017616624768192
0,0040171786567318925
0,0040171786567318925
0,004016741519238303
0,004016741519238303
0,004016305209540916
0,004016305209540916
0,004015869724908612
0,004015869724908612
0,0040154350626255475
0,0040154350626255475
0,0040150012199910105
0,0040150012199910105
0,004014568194319339
0,004014568194319339
0,004014135982939762
0,004014135982939762
0,004013704583196319
0,004013704583196319
0,00401327399244773
0,00401327399244773
0,004012844208067268
0,004012844208067268
0,004012415227442669
0,004012415227442669
0,004011987047976008
0,004011987047976008
0,004011559667083595
0,004011559667083595
0,004011133082195845
0,004011133082195845
0,004010707290757191
0,004010707290757191
0,004010282290225974
0,004010282290225974
0,004009858078074323
0,004009858078074323
0,00400943465178805
0,00400943465178805
0,004009012008866558
0,004009012008866558
0,004008590146822732
0,004008590146822732
0,004008169063182823
0,004008169063182823
0,004007748755486362
0,004007748755486362
0,004007329221286044
0,004007329221286044
0,004006910458147647
0,004006910458147647
0,00400649246364991
0,00400649246364991
0,004006075235384442
0,004006075235384442
0,00400565877095564
0,00400565877095564
0,004005243067980566
0,004005243067980566
0,004004828124088871
0,004004828124088871
0,004004413936922689
0,004004413936922689
0,004004000504136546
0,004004000504136546
0,004003587823397265
0,004003587823397265
0,004003175892383877
0,004003175892383877
0,0040027647087875285
0,0040027647087875285
0,004002354270311382
0,004002354270311382
0,004001944574670547
0,004001944574670547
0,004001535619591956
0,004001535619591956
0,004001127402814308
0,004001127402814308
0,0040007199220879665
0,0040007199220879665
0,004000313175174876
0,004000313175174876
0,003999907159848479
0,003999907159848479
