-0.4995247869785262 -0.154299804660047 0.49356640668154417 -0.02189953072839046
-0.18115200998937114
-0.6936886689050841 0.5339602046766301 0.9211540496113781 -0.24285320354672835
0.49564071749673466
0.3705960794435539 0.11379175868162528 -0.099142755605651 0.8663215541872089
0.9494774501706638
-0.3494332781411622 -0.10959399275283177 -0.10772883496635566 -0.9123159914172545
-0.9957962813741321
0.20859112790765777 0.32245209597832414 0.21601292277965323 0.4953221454257928
0.9465537843508194
0.5001544087380649 -0.1181212633428681 -0.03928709860049917 0.9615395728970928
0.9646957315558773
-0.2627278565186879 0.9243574150219338 0.03504258225726198 -0.814158801124848
-0.11721656651745554
-0.489992594287908 -0.5922705307249692 0.20468352728821748 0.5929696486635134
-0.28078311298857467
-0.5711513883347976 0.20414424538847586 -0.6845286978393914 0.3856984885237915
-0.6177178428728448
0.19328283087857412 -0.7777421547167489 0.3277743425092001 0.5400404874433058
0.27957891411108926
-0.8030236160233417 -0.4109351798402332 0.2734976496075068 -0.4050170694044035
-0.9747230851301899
-0.45244583755247714 -0.263360492865798 0.7959283705227644 -0.284184901815256
-0.20264955511378738
-0.7909537758815024 0.39726494352571606 -0.4560313838307475 0.6995656514165078
-0.1495909598622017
0.8676487199006997 -0.7688676960195384 0.36612892783454254 -0.6569786866730285
-0.19088999589070785
-0.9234760833172364 0.09399606440102115 0.9859846617809565 0.908251048378635
0.8746705334216225
-0.7470566774102745 0.7978726432112644 0.6396240335724654 -0.7024864297675333
-0.012046139040252209
-0.8188457165594412 0.626074743954395 -0.9830529734575546 -0.011122150879729453
-0.927229626661634
-0.18306962975872176 0.8345756724570732 -0.22750023760589078 0.7858415343789313
0.9355620985228199
0.3948425028010538 -0.0950985989031381 0.8578598957421639 -0.0013170436487617287
0.9153139465480182
-0.8931329556768366 0.40945119473522573 -0.023585659979417528 -0.1977624939008673
-0.6480566127195668
0.951024287729324 0.008351270507513497 0.5727000406894076 0.20424069438964998
0.9863328162904986
0.7413198002338188 -0.682352266500307 -0.05769357272855924 0.31033509654961344
0.30659060039888575
-0.27466199521829027 0.17185003838854773 0.28466620776293694 0.38628924646170026
0.5380681283300132
0.7734171323911037 -0.8504624109589052 -0.18011107003918592 0.5949320832722804
0.3313893324088051
-0.3165890100970674 -0.8610536992335589 0.4521209825694317 0.22475777799908592
-0.48009582675018414
0.7876227076771245 0.1911549900756293 0.8857419146396857 0.7291097075123689
0.5209498380987587
-0.24642731829233977 -0.05830625833525027 -0.41296243446739433 0.9593060200845187
0.2392661805450374
-0.7621585232140786 -0.5228994753042373 0.5328163102712082 -0.39797934689546133
-0.9128542080422781
-0.11769312740575821 0.6811553696804851 0.2987639622890266 0.020689078123017124
0.7725930767637738
0.03467132086676172 -0.18377668622859145 -0.28583842650734836 0.4526587886544635
0.017714070243161583
0.530255862326074 -0.6216576324371457 -0.954083287712927 -0.17174002995365134
-0.9381421551663224
-0.11038723149593932 0.1103943344918612 0.47368913166131477 0.35492265950793267
0.7369985927715448
0.36658897834109827 -0.5341000619702072 -0.5207824320640908 0.44892225679695286
-0.23709185937319668
0.4240492361185455 -0.21331685310124615 -0.30321517395852116 -0.4007144420849167
-0.4734445016833018
0.4195473384540531 0.9908525961129511 -0.24191545265366843 0.31284564192774544
0.9960005680207659
-0.44918998609370187 0.6632501943039273 -0.28641778596677936 -0.5836156186007997
-0.6099307460916885
-0.5590214429916389 -0.9012780679835053 0.7237907283068834 -0.318743618476504
-0.8700246912330284
-0.8638708194428055 0.06926745198312334 0.8877094610618419 0.9878400332318988
0.882403348486539
-0.25732722159604315 -0.13067149498116315 0.3120026684730892 0.061615604797594425
-0.014379947672532957
0.4498121771310506 -0.4608197940130041 -0.17667717158185403 -0.8103781120514912
-0.8404227873959759