0.09224110299795418 0.06406924945287829 -0.4440263094236532 -0.8998184650646297
-0.9274497899762739
0.06850211639052195 -0.5792737330366253 0.5482368086275504 0.9048769907782299
0.8089372754279869
-0.5903285162397109 0.9338378558739 -0.9270659403398263 0.6997415726537097
0.11592375250969421
0.5018208733576912 0.109728440337024 0.08547345436821363 0.18479549727935374
0.7718961140386476
-0.7289112842066185 -0.3493784421691464 -8.345612944513636E-4 0.975075611249363
-0.10386103732124968
0.7376095838080092 -0.9485398253267574 -0.4133739425594878 -0.7840720782433268
-0.9868388324686422
0.14404569471947903 0.5113960069495549 -0.5268526420233322 -0.21063436286590909
-0.08195328713541165
0.27596917313213476 0.1272932452872544 0.1996339497210875 0.41575466997408084
0.8514012461535183
-0.17232853961647354 -0.8489532914190521 0.3502850900617036 0.3007884720932099
-0.36180959889348946
0.9658049271736322 -0.5305335395059181 -0.1797224238525661 0.8859197585196681
0.9092458462431761
0.6045895487293267 0.4049347538843593 0.9412846354152951 -0.26888181697497693
0.9938313258271863
-0.669854429808284 0.4369937227775538 -0.11225677834488601 0.5920269964123006
0.24440836938370933
0.39784142367575015 -0.49052424567706265 0.5543602434256754 -0.6507057234902771
-0.18790459448015204
0.7753739231751933 -0.785258545813108 0.9254268904060787 0.6060582968236115
0.9987901325325825
0.8156269261249085 -0.6639564782462526 -0.15091225834507616 -0.5097317858198982
-0.4872812016879899
0.8171807406381033 -0.019012873416266896 0.08478991332729957 -0.5182734456950988
0.356654406384379
-0.5333248550014107 0.8535118030825908 -0.49028432814844836 -0.07055932689230171
-0.23834045953317054
0.9560550600128352 -0.9112281332917631 0.45007901644110815 0.33307556016135176
0.7365676342692411
0.4290570960919098 0.514745985195052 -0.7542528671451165 0.43300228089180504
0.5831106862120319
-0.6648770849090322 0.20635969625100725 0.361722785256519 -0.31336044472418134
-0.3987515210571912
-0.7447463416560358 0.7623576171978452 -0.37239550709678415 0.8044900559498711
0.43470062572304896
0.8131474049009006 0.8621153189170299 -0.48378219095410313 -0.32252536029513856
0.7636547874878002
-0.6037092357379661 0.34903397860634655 -0.2348103222498812 0.2478721783885991
-0.23926947402294163
-0.41449780701005734 -0.6608863147793933 -0.8996836640318884 -0.3406249295170405
-0.7351581440822674
-0.5722454658600828 -0.33224453399342213 0.33715239081595816 0.36747366468097553
-0.19853598536782374
-0.014068824819813974 -0.6352065890897343 -0.2826719178873829 -0.200413526757528
-0.9054169514617766
0.9604986339290036 0.7872133397519172 -0.021321251738414926 0.6250552586041498
0.7104564999106743
-0.39809299828656397 0.5409664601987589 -0.6366508569873193 -0.27167149265302837
-0.6928607484669174
-0.3811432002776043 0.38773963464732075 -0.4643865250271846 -0.4256417840284723
-0.7729209587038083
-0.6635995979070115 0.9594972276795724 0.21122986094065976 -0.186560170290623
0.31510503060375195
-0.030827593620650573 0.2930629533730644 -0.80727330106999 -0.30657277889180756
-0.752342478303466
-0.4511265991311275 0.948962461529584 -0.5399053587629645 -0.869542564943486
-0.7904921091792089
-0.21854181283689078 0.7932013058508633 -0.01606045206618001 0.135024604341333
0.6393277189765224
-0.09169146341287404 -0.6023944059870332 0.008225705096548186 0.6984432625150194
0.012582766158154195
-0.49300173495853117 0.45380572820553366 -0.30768004130955817 0.21544718948396424
-0.13105081152273657
-0.9089132599839549 0.5978973540196486 -0.7928758852101438 -0.9481299282255942
-0.8864283961840238
-0.6452950680291147 0.6072660680424766 -0.3523387219991241 0.9620597005428397
0.5410557540246425
0.9565263265966832 0.058015378287237684 0.4545596862150292 -0.2811202977803786
0.9276167291516013
0.8490430371680497 -0.7791076730325603 -0.5705431905066114 0.5398557139021287
0.03923781208780051
0.3328957145270597 0.22555509837107723 0.8844226926236256 0.6762258822016964
0.8534102625492784
0.25233401835839064 -0.6625163525765896 0.9830820064751655 -0.1226398104781048
0.43519951120817746
0.04671215951457519 -0.431215216075888 0.9111899131888175 0.3512137630656573
0.7693995588411849
-0.2657473990818129 -0.21640260400205458 0.15699733023190632 -0.6878152090796392
-0.8484066125442512
-0.6718608972950624 0.9607569746477447 -0.11318262108264854 -0.7590506267155823
-0.5508122984567172
0.6713280349869941 0.34083080280481703 0.16878414490359672 -0.4234508218871964
0.6871015084595842
0.22529497416505806 -0.18841122085598339 0.6278725334855815 0.7192111226143456
0.9825981838741941
-0.040737000224813746 0.07542822004088934 0.007826057317603441 0.9430808094794252
0.8336026013997194
-0.8397150095542245 0.8942236455593155 0.07071781877465222 -0.8987443871519354
-0.6986564869754307
0.7208823282653833 0.021525729165210006 -0.7175519121915102 0.8512051403340075
0.7682233505738186
-0.7402302130203295 -0.6910127836396003 -0.18744101616964182 -0.46312914634433877
-0.8722476621137457
